28 92
59.327043 18.103746
59.328023 18.091396
59.325698 18.071879
59.323356 18.096390
59.324893 18.096564
59.325331 18.070825
59.317842 18.085910
59.325125 18.070804
59.362765 18.059268
59.349806 18.070665
59.370302 18.062800
59.332505 18.118966
59.312527 18.061619
59.326284 18.113215
59.327451 18.054346
59.326822 18.071719
59.327475 18.067599
59.331994 18.056534
59.293573 18.083550
59.343405 18.054755
59.330947 18.059263
59.368879 18.008433
59.342948 18.049899
59.320529 18.069441
59.649762 17.923781
59.858564 17.638927
59.397872 18.036646
59.357298 18.102218
1 5
1 4
1 14
1 2
2 5
2 1
2 12
3 16
3 6
3 24
3 8
4 5
4 1
4 14
5 2
5 4
6 17
6 3
6 24
6 8
7 24
7 13
7 19
8 3
8 6
9 11
9 28
9 10
9 20
10 20
10 9
10 28
10 12
10 21
11 27
11 9
11 12
12 2
12 10
12 20
12 11
12 28
13 24
13 7
13 19
14 1
14 4
15 18
15 21
16 17
16 3
17 21
17 6
17 16
18 23
18 21
18 15
19 13
19 7
20 23
20 25
20 9
20 10
20 12
20 21
21 15
21 18
21 17
21 20
21 10
22 25
22 27
22 23
23 22
23 20
23 18
24 3
24 6
24 7
24 13
25 21
25 20
25 22
25 11
25 26
26 25
26 21
27 22
27 11
28 9
28 10
28 12
12 25 7